0.34155102768711787
0.6327088050377824
0.9013830761422722
0.4924400029499515
0.14797760581728892
0.5990848394904296
0.3767023146069671
0.4089428468436027
0.39023309191020483
0.8486510758809439
0.2793968644798084
0.022609733943816934
0.7515236471637866
0.4016480002641515
0.15331080204927083
0.10917177908606768
0.6564921162181838
0.13294841730914342
0.4271426246743196
0.033848496776322956
0.9832397685101518
0.9972780156884701
0.3601402091707796
0.8786986090778445
0.1499208929569107
0.23154797114000258
0.9580716432004239
0.17403579768819954
0.3298163793795421
0.350705494300133
0.7383780723860636
0.17531559974044542
0.7987925877140428
0.003508651364785509
0.4734150821302394
0.8768999039074722
0.6690516756729912
0.004631848964647967
0.29068863020092606
0.20410489616617655
0.5130796635542061
0.109508139947742
0.7589918180938514
0.0749391427684516
0.6316985931238694
0.3483144359819368
0.8393489121156145
0.2729378013366951
0.9701288283024911
0.985506282859425
0.8296725669210754
0.32249920804656806
0.9359679514387378
0.42130800874428387
0.6820408934172008
0.8081303012012819
0.6229923401524061
0.6015646851783026
0.32150019710696864
0.8290068385875028
0.19468787108098107
0.7523623741878721
0.8453000362360946
0.5302548763677338
0.4314156343453843
0.5058224233042827
0.7314664481679276
0.9023596829660989
0.6951194999501251
0.733476497907066
0.43562001570101616
0.2901083992401978
0.815481039953847
0.6536282989672394
0.004944644106438023
0.30247249173608515
0.6514288636923218
0.02910854384137973
0.5882136237418447
0.06483654128704186
0.33190786243930304
0.521829031533517
0.9707789309757
0.004979421203773482
0.4298151153134844
0.5205424371309978
0.5134301858164732
0.6142141763487018
0.5730086457209725
0.00821387289814779
0.12402956915755159
0.8750927989030204
0.24629492332475167
0.28541049565543264
0.14082882745999303
0.2970822344709191
0.7883018298217691
0.616115488500592
0.2563745709263321
0.7516178813848728
0.8371430952778304
0.11237248043260573
0.8609083729671729
0.5479406709872442
0.7287804092108715
0.4241669629029684
0.4341675566388168
0.4411241184119601
0.6019896080535674
0.0509506699975818
0.8644932876123649
0.5136977073129977
0.2138370761306212
0.3412152205034198
0.8241518817042873
0.12227246907221634
0.7195726798253038
0.4965214430486946
0.5797758794736738
0.35057545520939715
0.9208454689281381
0.1463904665038389
0.8668309374771875
0.660299075285737
0.7361482934789436
0.3104628701721637
0.7070148428177778
0.681171574340563
0.8973977712608112
0.8143321622220202
0.2974948719415277
0.331655106440255
0.12655573190548175
0.47545881383410316
0.3508899120774007
0.7116773282018518
0.2961984163065069
0.6255710504604949
0.5149033204051022
0.45880302102439563
0.32793965415721293
0.7859589331428937
0.7505129467964023
0.5092518819573248
0.832614290859265
0.5620674469988883
0.7976246304912602
0.4551688056744564
0.746128198377562
0.07379536079171811
0.1070951122663597
0.939552760229965
0.46488091031926093
0.4879058652650252
0.8680311418439736
0.7802507057247702
0.23466737227485424
0.4689552251668163
0.009270342119154118
0.7644226660103184
0.7969649296554834
0.6151458177225894
0.30395084092116886
0.30488414178785117
0.546511783294093
0.1955097105254543
0.9560751499307893
0.39973245951788516
0.7040831319021577
0.7548289653386923
0.2979752493152904
0.5866627900125782
0.2583715371233869
0.4026992156593504
0.477584543967281
0.8333804981809337
0.6808772757907268
0.8531423394598683
0.2644234338423871
0.5555159824826099
0.6677154162937391
0.531174827110399
0.3532043058429395
0.20344804716209786
0.41224551032254586
0.3127380011749453
0.7939625034781713
0.10944239050212867
0.16243030161929428
0.7143960547846252
0.4276194319253678
0.5365111106070422
0.06682985709339051
0.599208817789826
0.4558840790509884
0.12039986410904202
0.5631368886321069
0.7151847033045013
0.5243989535540137
0.14610848245052122
0.8131600956459051
0.6327206469868218
0.9480372646829198
0.3503516736848028
0.9381614680434331
0.8974351249687846
0.9572568156973098
0.19136590502112316
0.058453716573865666
0.4648004890842864
0.09441769629592656
0.7774687289777529
0.3911643141239298
0.732980742561168
0.1389692238303344
0.8957767154243085
0.9100722776543824
0.7402812704982185
0.1904129726568351
0.8324883939381806
0.32142392849412016
0.34361661103974284
0.7879479896464153
0.9261384805148426
0.3596339320400447
0.4444025058971979
0.19570417838852494
0.045229323670385124
0.6567778024267985
0.5782785023950174
0.23247046419854378
0.4316461792521692
0.6897822402697176
0.43506748725116273
0.2748237895199598
0.6012625246674254
0.5592193474840883
0.12537804428990718
0.3125653059619593
0.243141299139372
0.6036112288450848
0.26025651548629203
0.18536979021170863
0.30873886929655014
0.10315100193973081
0.16029420305434594
0.3795549108323496
0.7325174651439144
0.5767466283177163
0.760596629231408
0.013876052811021555
0.4753726845557009
0.4262937141522831
0.028020909868837207
0.8932537217487052
0.8322821466147419
0.9320835069534941
0.9570872569611937
0.7593388843789121
0.19558161626676152
0.8532525719212264
0.4609711654130768
0.11682314064714472
0.7152747476695509
0.1371800094017559
0.7239824109344142
0.2643999110525993
0.5477828357607817
0.49173880879398146
0.8319371237907423
0.40928237964403946
0.6345407755784189
0.8243074164359921
0.7468290429475318
0.9941852480892472
0.20184537298833582
0.8014478520477073
0.9422065804135473
0.6156757506373348
0.4233624373210857
0.033156458710871806
0.2656614799473289
0.16280081402996782
0.9366987921218562
0.6355938519301353
0.8448356924812045
0.054896147456912625
0.15544538864640134
0.17619989198617714
0.1033524237902752
0.7074839156439596
0.5680980680889064
0.2551003419821528
0.2030779246067168
0.6051648025203763
0.46526173249149083
0.22671120715777815
0.4791199116516147
0.6104111707080063
0.786544745992784
0.8154470974973609
0.6839692270375796
0.38716722113671564
0.028549289112376197
0.6294397805694498
0.10719067666842375
0.06816256745566007
0.40536433126638804
0.8261733634819592
0.8870695284292767
0.5448454648212011
0.7029671453766362
0.4339420846259229
0.08061979705793365
0.008841861861784484
0.5189399031087688
0.08303726585044513
0.3083604761158494
0.623846627159318
0.8289073714593955
0.15056932378561683
0.040266387841957574
0.4568531413991046
0.07110206296307153
0.5728315027146721
0.839299267415341
0.047627539472641756
0.19046309120715832
0.829111145755767
0.12892584926748252
0.2453337713336009
0.33367500196903455
0.8508552189087217
0.3010289817520545
0.19121581804536358
0.1365527199049702
0.8600957929683957
0.23061803862407615
0.5762433882826195
0.7951789630615248
0.39104225001410386
0.5137449591102028
0.5526270666469527
0.3622004514032967
0.9987462547528706
0.9950319540539752
0.9281093955211169
0.9596888518459518
0.4087455049172858
0.40121753029275975
0.5219382865050174
0.8499731212644869
0.11159297899859788
0.1471265354740835
0.8114284608471379
0.5558491378115895
0.6561775986582591
0.6304710021279604
0.24801779920217137
0.47157312555385833
0.14574256961314058
0.5818877092697521
0.8717244118872981
0.6560449639264219
0.6905078622300166
0.2866188007659063
0.10291101939523029
0.7495877305515275
0.8208028497553762
0.7442417885190461
0.8402624021824012
0.20572962107570192
0.1146154685586146
0.08285497423094967
0.24388285966770362
0.27939460202163513
0.5434641790849813
0.7941249530760209
0.8324192064921614
0.46290808187042276
0.2904988609283402
0.605601882866503
0.7731161342162278
0.31122356148954455
0.04473698777534374
0.05670923419609797
0.49370983158354254
0.8477769589041477
0.025341401895592086
0.0948141298263393
0.9950662817459102
0.9923745471752723
0.2398456241474456
0.25778441510767547
0.49347042015097486
0.7025206713913624
0.7302333842525103
0.25943882846993005
0.27147241502516073
0.7695919956499883
0.8107782998578851
0.044296495730485
0.8661973510109009
0.46126378293444736
0.5515500836653865
0.6280319905949826
0.9740245257366608
0.4515952642359753
0.011493482818320078
0.29004220745063236
0.7005425877247139
0.7301796519803003
0.9749862627697897
0.9345312813763395
0.034686926580852706
0.4317654592284964
0.19578241747137226
0.6865198685249669
0.6759652831006706
0.7777553279113852
0.4022468510509234
0.03918493984555982
0.5936780721929847
0.5709884091692495
0.56778792888518
0.1189364236525865
0.9470396470253578
0.9352127598264305
0.2003938377621184
0.8846369617687341
0.2451064981033868
0.24065393963360238
0.6551794138090568
0.32737085397799204
0.8754190552729721
0.40708607214161996
0.7238493853320415
0.9871686715823993
0.3802630044008506
0.025811427179865176
0.0049842496582492846
0.3530936818544118
0.10945646634763728
0.991955272090723
0.8090554091297801
0.9630962885067863
0.12856930016594925
0.5884815207018933
0.602075271250511
0.2700428162364521
0.5114809153907603
0.21333617305732822
0.24178910949774068
0.5903249264206508
0.3961825498807523
0.19112418664720987
0.5103145313613251
0.7014556865480136
0.43273050983652306
0.36072646668395447
0.6971349701424234
0.9050588710354984
0.5022564849166095
0.38026296634194356
0.23635344195532748
0.6216574787609546
0.8359413978242819
0.9408081896272001
0.6521128578046228
0.8336679183023651
0.9128586107134249
0.3302654975766409
0.3160890204224456
0.9430058089606322
0.7655932830625873
0.03880626458396286
0.770962603188665
0.8597101540307633
0.5725436512114543
0.3472802930023766
0.6237764717867529
0.3879914991221909
0.6658109124501129
0.09000352537066447
0.2630844596536547
0.22611089904831327
0.33358338699781687
0.033329708281934156
0.9037979355246845
0.14649564136211535
0.045921990938911916
0.5614117268665809
0.7136362070765299
0.17249793165976568
0.982852492286949
0.6105592862605722
0.025087523652484345
0.8182030028191116
0.9936713224743261
0.04359903901017559
0.886786207982933
0.7076928607455485
0.3663709146273869
0.9056432461883787
0.45821276184159343
0.14017156999864022
0.036091065252835675
0.2526736150665051
0.0016229151347956217
0.4173589251713181
0.11150225344249076
0.4943461850494374
0.47511193437307786
0.999558284735165
0.8480274812774636
0.4424235694418239
0.9807204803973497
0.8068048991335497
0.4468085918905287
0.5062411772623223
0.5714880556374161
0.2315012772459223
0.3083236959229926
0.7266130446704208
0.17136072565588578
0.6789453195080042
0.6195614169656719
0.5895840417839213
0.6118587901768093
0.7021581119884731
0.40365883258944624
0.8114345836405268
0.039411289517744086
0.04741693834352423
0.41090882900557546
0.5363438138694916
0.19726286516240088
0.176900396499324
0.4800434255862851
0.6381179039168399
0.3358600466570848
0.0848513930505782
0.24869913746309324
0.06738950344533423
0.7556225059198245
0.47366455204794156
0.34197092498280435
0.43569464947657466
0.23600583705534273
0.6063042060432611
0.4179605076660007
0.27783320714931237
0.8547623042850161
0.4014590217776437
0.6992257032066636
0.6839195743444517
0.9513053039716879
0.5878399722737219
0.8690369491373678
0.2425292387630873
0.23808428882229027
0.9840274171444661
0.4613470343993289
0.48634798676327395
0.31387613121613656
0.22027381661540235
0.12338059332251905
0.2817297474226488
0.08289917455293883
0.4686682806568385
0.3797495010138414
0.8535693421413802
0.833656433856153
0.9980690987433475
0.7770001787661924
0.3868964883310132
0.9814139039530609
0.6202107720120766
0.5374996264892383
0.39659715614033075
0.7282204588189345
0.34339137296216615
0.10156573628931853
0.3066687385225103
0.14437548667120614
0.8001468513243931
0.18674875635336574
0.9304150963417926
0.42525048363067
0.2653185359264181
0.24316964552877174
0.7929877078559434
0.3273710113059586
0.33091957946482065
0.43382206109421595
0.4876794685604623
0.03766501015032098
0.5542074230237479
0.5187437573662913
0.5073769460477271
0.9797839857056564
0.6453676621729131
0.2719640258782354
0.24257777742805975
0.3114031713415376
0.011216354231864512
0.31013308143546947
0.08737914062577024
0.11640687913037495
0.7213263049954544
0.4617400024325128
0.8448436667221998
0.5458654181379354
0.21298417334175268
0.05582527129700754
0.8731491493419148
0.41170984392443344
0.30138426729346235
0.7590940689600031
0.6639280233733006
0.9870104640499912
0.3114654452709861
0.8403368237036521
0.7942032595923482
0.016765877469744672
0.39779727177968327
0.9910631310325655
0.44332641651288673
0.1931083757548484
0.3689219083246933
0.08125519474268816
0.9163246971977307
0.5988320444403974
0.582557538618576
0.4791473007147168
0.8650626852987678
0.873150070439354
0.728070173953593
0.8139373320448884
0.14862543669710393
0.1035870648322772
0.562619540946335
0.31033654646751874
0.5243288915839341
0.6979130485329718
0.9173856814596808
0.07386436228959803
0.6107641417922248
0.7400250964043704
0.5402822127789512
0.9557934871727314
0.8142814064611672
0.5836831457637355
0.5915628703966651
0.8766526798751162
0.16032048181148528
0.6880057636858165
0.8587271697240525
0.7371925165417457
0.2209933616513663
0.9486328335284654
0.007131727127342002
0.29572105677476057
0.5803256826323873
0.02846051550509454
0.432713382080784
0.6407152057552309
0.5285631900641072
0.4418556279929896
0.5332304000641079
0.1376142429651961
0.9269492152050235
0.39625508007334664
0.46442793524927395
0.978701857673629
0.43437966531236716
0.6450567792857284
0.6975341741652514
0.7149826029416088
0.5373418377434028
0.855708397601447
0.9444931680223311
0.3989594137841692
0.07454292609135427
0.2469000843224446
0.2673407376317982
0.2172181682993366
0.19763492452939513
0.49876750145959503
0.43812991308789184
0.741725587224534
0.9594419101045352
0.19001123304409695
0.8658115545403972
0.1787468754139585
0.9710959397682617
0.26583899607994566
0.6564771750183422
0.24428912502562983
0.8194880112723465
0.29063703986728073
0.6233695743802422
0.5449769658680996
0.18644015335332254
0.48927646850060114
0.3130679104705897
0.5932665050472646
0.8610049229706875
0.8309613128558992
0.36425327104345306
0.835903884901079
0.08629871029846659
0.6595243029375446
0.76546112666372
0.32453480683641334
0.9322748535637072
0.624076608105423
0.8282267653997517
0.9073711041866961
0.6358429718821204
0.9139178462304492
0.9420301714743713
0.07082073405632816
0.09974085346056738
0.05161256224373456
0.4274463071269202
0.809987412831536
0.9915648826335136
0.7481395739850757
0.05390738651317761
0.1569460641579773
0.13436548466417786
0.5740201548480455
0.03848301893948869
0.24570049032928232
0.13021383254782104
0.4503316522930304
0.5920848624119612
0.042729249622327714
0.40814575085551885
0.2135124893737531
0.32950173185230247
0.12202647089839158
0.13788964945172955
0.7578648726771409
0.10967155709199505
0.11354319312521644
0.7007841315513574
0.5096616828133042
0.12259636596438317
0.7039360877989975
0.6592918928827862
0.23676349087587212
0.2893066354523032
0.31852945739512883
0.4165160854138069
0.4476520652507422
0.291281208562572
0.8633968537366619
0.007125322822655433
0.8837867070742629
0.7957290081262584
0.15646861919124277
0.7110936576332809
0.8591895477509058
0.6931387675477912
0.9265715232221303
0.43166172954880055
0.4511661095785465
0.41350322576866916
0.5093068046546393
0.028925362748195127
0.7960673597489549
0.6376236413903758
0.618672844337676
0.05045787873543128
0.9939995364198745
0.9699014681030343
0.8233386370006808
0.5503723056485131
0.37638793987338837
0.389022711088283
0.606474562657125
0.9382298325740365
0.14030104941333665
0.5429419630050937
0.13804629107875
0.04920063762068605
0.60344109196126
0.20457169138108144
0.13847861026434105
0.8768834606489878
0.5837073559484053
0.45458354505002974
0.4625948708661892
0.6601901313671463
0.6572384733208199
0.4077276910424309
0.2827386959370056
0.26570117782111735
0.2988401793219041
0.5490764205785476
0.9999840279400507
0.05689909106719515
0.1587041991747441
0.9965983261434372
0.26233988671375963
0.6916850208779785
0.9793252258140126
0.2564693404475076
0.7188558283772415
0.5395855900287011
0.9065217644496264
0.2875268125921775
0.38853473963825336
0.6600558180816297
0.1984671599114396
0.9412728600901461
0.7729588457313188
0.5332846410498392
0.5866372903623157
0.09383343283016443
0.09153545468888113
0.9849088464947131
0.7925808931515705
0.03627899235968812
0.26826853224000113
0.9960421265053172
0.9544189095385821
0.9397133394328496
0.5489623990714887
0.3400254182912831
0.9669791493346843
0.4615369029790648
0.8777638161093315
0.2373044227240625
0.9894724163239826
0.8092903603380369
0.41194877190705526
0.4698410889563809
0.6246162837524992
0.8284851775879564
0.8038599919297156
0.6464647393879124
0.5231131897375072
0.9308273048911071
0.12890172968931624
0.5605697795691974
0.41738830427898377
0.9292400121866508
0.5884978073662912
0.8315654214426667
0.8384944114197463
0.09609242052976541
0.3669194584222639
0.2714844017656929
0.020089146477494824
0.011039811264455301
0.27088885788233363
0.668156548797631
0.743391481718033
0.014882037361214406
0.030864840638039737
0.9263535010929327
0.12702328468063273
0.33584609675511345
0.3929171181323464
0.758310945572357
0.6156426264579777
0.20469955709394594
0.38009497968773853
0.36503443284520265
0.6712745225806169
0.5251004968512297
0.3521969154986405
0.7997952636144557
0.9212459402705577
0.9155906745654417
0.7428473636160867
0.9552224817860349
0.7666309558796056
0.1896380903491829
0.602786935989469
0.36539734145415803
0.705112426890503
0.5901348393163645
0.3282820353206447
0.26435645474736746
0.872166367770277
0.3447570692716263
0.20356067228065067
0.5924099057508486
0.5544754909113979
0.35859286035369087
0.6361800595681759
0.8916804555331949
0.679477766674031
0.11044445899725297
0.2142329786245557
0.2822703991647352
0.5349566798318202
0.06921101918123629
0.9642983092199249
0.9604618644794496
0.22257914819319613
0.19675826097627502
0.4390429337921289
0.9103572103251368
0.599287460325681
0.35368114720518706
0.5133803695001284
0.7703656046265037
0.7104515185301472
0.6743658019647818
0.01809301949853126
0.04594198552042339
0.9686874832221836
0.22775715180238032
0.5898238806827244
0.10998473175719115
0.5822492762308784
0.5302382376239091
0.36634435354208017
0.6822983275834126
0.9868990317215929
0.7270276557752019
0.4060039392166487
0.7295271024311925
0.2851627212850355
0.5085014116494992
0.9602684619442247
0.9769666212019024
0.9468775708904332
0.07784507056807222
0.9782528776646864
0.4736584701930693
0.2749368331434381
0.7364430331793468
0.4721550014946908
0.9021752752269828
0.3901388678226896
0.9034106487600988
0.6224962520925221
0.5745016895789838
0.7390463400048333
0.6356758372019037
0.7520759318906964
0.30541800199951674
0.3787619746618549
0.9650160597262831
0.5475450294574097
0.604792288692423
0.5425270123166549
0.6184573165623108
0.1575058916010753
0.8801875583778827
0.24004873758549972
0.9384410339818632
0.04604411655749274
0.5911901942820906
0.8964632177426931
0.0691654369698893
0.7305987700047297
0.5468655982896927
0.28383951137739505
0.7255073071777904
0.7830771485853896
0.787747795586483
0.24913171524593025
0.11093078949250723
0.7231205875621216
0.7437687783685172
0.992484982729643
0.8007889308025679
0.6824273212192037
0.6095341457794704
0.8998017255394483
0.6574249048663402
0.9690386467668987
0.12835119863200029
0.18347442264977953
0.09347856961083634
0.910494810143346
0.22641557668836865
0.835191151245535
0.24980482647857383
0.6047667825143016
0.18856303664033824
0.6447200923013682
0.9044102998687733
0.4578700999963319
0.31699233190372633
0.2885792671379577
0.17881393457246608
0.6370671067671237
0.2643654570915053
0.7424978842344707
0.35823858804133546
0.8185638411437448
0.48269173237089236
0.5215753514761794
0.39203905892767454
0.8586077781326463
0.4794016999956785
0.5020442958635424
0.8907734424707672
0.2668927350874647
0.8220173156698151
0.3285438768297081
0.6863237086524934
0.6111771465278374
0.08282450389105722
0.6608095638293988
0.2714718498050812
0.23202188809541713
0.16495444817197646
0.7636857463025188
0.6853378139687717
0.896554131371782
0.7012797821446861
0.19436713060860777
0.6610855632317395
0.27016316366526627
0.46753203009484956
0.5907757912243837
0.10230343609713122
0.3350347811512805
0.001046440579577479
0.81497925710579
0.20446499664737283
0.1344300330109507
0.8665405393230377
0.9555567165736272
0.7878768550244131
0.4716151708218075
0.26033262700077253
0.9428190121968296
0.6585194110280539
0.44234846908664527
0.894406346940872
0.7807889800412433
0.06318696809813262
0.9298305401862825
0.3517279730360885
0.6498483486503492
0.5553334302530291
0.4410242641277614
0.3542221033107904
0.3839572082334052
0.838029798282262
0.9132505912952675
0.6348124019862562
0.07635269011054402
0.40043970011739083
0.36996645033401776
0.35493363428175306
0.8176327253292707
0.014219357943502153
0.5546311311331049
0.25892091408858264
0.8201314405455081
0.4062478767982082
0.9215671142672267
0.006682907943439065
0.43249226124931184
0.6740947117058529
0.6127219776336097
0.37606474407490764
0.7983449898557591
0.26062980321308293
0.2992372696876675
0.2763073028942231
0.16299315970913164
0.554183365033348
0.01673094276080178
0.7640087941663098
0.08201789526799452
0.4306609999310016
0.37319919861098183
0.5029951258688681
0.035704527365225336
0.3040207624741209
0.7584443769424157
0.3595052158446892
0.20319823106350043
0.5015182843709682
0.43393489550713926
0.07409740107767493
0.4002948828462285
0.030126141434959508
0.632003611754516
0.20168338627038773
0.4347733823126936
0.05053385356454543
0.04329078600482894
0.7610958343995426
0.3831758809865611
0.6251346595299638
0.321337919255407
0.285595929168559
0.542941843031542
0.5564053908980482
0.483238742453018
0.2157271237922912
0.06380244753859188
0.3820856539422739
0.33525359308806546
0.8259212793731869
0.5123414881464425
0.8435625619128393
0.30229332928445185
0.1262635190627006
0.8736289890871967
0.3938672786680303
0.2901792929121281
0.4308221279270812
0.7438339392879434
0.5616896979980504
0.45958522602703133
0.5339494596329121
0.7177220283439998
0.23781730357572717
0.040567704319496634
0.6859604704441663
0.2249452404801502
0.20040477973443838
0.566591058931067
0.8095947447886069
0.3190288699405255
0.4454802317431522
0.15695335777137054
0.6486686701381978
0.17296282137407282
0.13909462303182862
0.726519305936281
0.7903236478130978
0.28530285551380563
0.2575205339062362
0.25166673321657396
0.7522768707940325
0.6506886511673666
0.23190635001653093
0.47135255065004167
0.576480607306681
0.39868444067464015
0.16379237999942342
0.652204687644083
0.6205966628239038
0.6548486353645305
0.4278950478111829
0.2965460331827643
0.4886918325895777
0.627938891070637
0.7285653089940184
0.9222569746017535
0.29256092045231774
0.1771583671362722
0.9263277716692103
0.2933822817736417
0.6850834117843322
0.36335003875048344
0.2009064554326967
0.7303891611550531
0.35702002609640493
0.738044898001913
0.36714375090287443
0.3789821604828315
0.9386555574992153
0.3742703148962889
0.41021874406431535
0.5663817411201238
0.49769416156676394
0.8930250866283774
0.5565708497589719
0.6239721466855854
0.07481313167366754
0.98932708127574
0.4469355815702428
0.8052254818240748
0.9482820013649227
0.21173995205106122
0.22789818638463655
0.17780769680728792
0.5690523974317151
0.9992851188530353
0.6283716356002772
0.6187730416454115
0.35772566651638626
0.22964529208689877
0.33740520045588873
0.2917530951801781
0.8048040351962631
0.7825655343289234
0.2497298724815059
0.23504677637821192
0.5656317526747562
0.8723587085006618
0.39544678948932044
0.9395173911409805
0.49143243051484675
0.15342070463023105
0.6202649951611378
0.045203010091534934
0.7878488124765329
0.8526626738460389
0.33269481931072165
0.5355466404362853
0.7423912112450972
0.4327655797238489
0.884602961008343
0.058152166987029186
0.71220092706815
0.5401640646645918
0.40153576281148706
0.2509723987816096
0.3135349223412158
0.24166533630459297
0.12921673593729188
0.20283557636802962
0.004377687180207146
0.8036097661618145
0.6126246681584808
0.42721646012356407
0.5015871437152575
0.5174790619819779
0.27405854562171517
0.9781582578161467
0.7239802186704534
0.3258585793282952
0.20659546390793815
0.5872518172533789
0.20276474569942327
0.25265983504434886
0.24934805010627803
0.9505780069503111
0.15072370702093452
0.8915094826600457
0.6609272508461171
0.5445199267281784
0.6315583044610993
0.45621110294282696
0.9575170155094752
0.5993508041200193
0.5207958917980854
0.14718594300419152
0.7319671095479227
0.10950418124245431
0.1996690424490949
0.8377990689224218
0.5203101177395973
0.009432404471745759
0.1733721345727931
0.3344767002131198
0.032109073476213834
0.8939596714061273
0.05510167547288869
0.7145216753961826
0.31104198998247756
0.9120361764437488
0.6072863971987584
0.495532600923988
0.6421292601712154
0.712799125170484
0.7814137848130721
0.640333491158387
0.27201061081856626
0.5728473004479786
0.9478587637485074
0.6513197869374002
0.2586773914980308
0.08363518136418568
0.7571213045810583
0.25812715063728464
0.017066846704818728
0.02789300736412148
0.323878932412346
0.4525292307446692
0.37692439747845286
0.32397887067947573
0.6752602807902485
0.8744707714926861
0.2193402754812659
0.16706928152887424
0.6547462957584468
0.8031422084217316
0.008366543291326689
0.7460943264603295
0.7231049095892363
0.2570018795496215
0.7841212983528499
0.16532367804316228
0.3477659313512359
0.9566524474971955
0.4337854759444375
0.4495098221500926
0.9220418025029864
0.1544773567803276
0.3068994285878134
0.7614944853652966
0.40560107642278276
0.5849440631754294
0.49136473451030593
0.21118491933177308
0.12760045633024442
0.03947974761069428
0.31655797299948174
0.8848059724197529
0.4438817215187464
0.3198262291384283
0.8999625078590542
0.9733341063405939
0.18964006925821164
0.5737799161005852
0.8037246815283431
0.12902014490466318
0.11896955408687471
0.2672236218015598
0.11754046852498856
0.42890633885294294
0.7726925765346118
0.29635570382074816
0.5342789833226165
0.574244511609122
0.4658790508423819
0.9940235395434425
0.23474910738999377
0.2047211902568732
0.3364618833454103
0.03406707271405185
0.6480152803260852
0.4563962258187566
0.6463548902735572
0.4875789444013163
0.40366909979715926
0.1422609934059672
0.77647936195341
0.5349873529614392
0.04246246973654921
0.18432244534736608
0.6071056033312181
0.5878679403219664
0.3017090532719281
0.17611936863733446
0.22491566525178797
0.824390841721758
0.04185983689592765
0.20457693354637552
0.1481934697525894
0.3923094271978794
0.13065946548741247
0.31010593688806776
0.5115487002703812
0.7833965366786296
0.8512891472486589
0.21385293854500342
0.9015806227667049
0.1332350126450178
0.6509028850232972
0.1910073743723495
0.7848879926027189
0.4502682502635166
0.2959628703131709
0.21907226876475983
0.7198315186435233
0.028017293280923283
0.7507804462816826
0.7800044884442434
0.7934550468730308
0.5443708437846686
0.34566888584371214
0.9451307360716256
0.9749714805141164
0.601854080820053
0.05111442838258162
0.6217459181431992
0.32722021733329143
0.7127828571334278
0.9243712773017687
0.09029967599327271
0.26750168154037823
0.9832092807915072
0.04488742663493528
0.2110776771113082
0.3191957533141747
0.9995652285940901
0.5049673243957797
0.9292838057716436
0.045570187454644584
0.6719096564693449
0.2720773691733479
0.9574292913909495
0.10718498227701534
0.03768636552764282
0.9892009703606306
0.7639354575037947
0.6342994682511556
0.2798981113148401
0.0296490418622124
0.24685591370463777
0.3556878614347745
0.4636035137753135
0.37273232439267023
0.7216247765890692
0.17526995434626824
0.7446430503464228
0.11670180109226247
0.10173688360365052
0.13796280108446468
0.05450019481393409
0.6953634749117333
0.4012664591773084
0.9761599724835446
0.5152040961087855
0.1147735415247757
0.9381304429127894
0.6782445435841933
0.08818006084040542
0.7764206061995886
0.8670025741326807
0.7705418453168789
0.21095395807548178
0.7033008070247181
0.9207847331311493
0.2541185822625659
0.42561695171842673
0.23529235135958593
0.48954161107416316
0.38783431113385636
0.2529566715518513
0.510235439663604
0.41580500773366713
0.7590516061703874
0.8161611761392318
0.2971242996411171
0.1351539705595124
0.333411211565279
0.9680019602091141
0.9978170440857502
0.04097715623099785
0.42507829104962624
0.9254020691503944
0.8836699188992104
0.20232345682846697
0.7788662908186658
0.6652959532176309
0.883502153857019
0.8137473835255283
0.205644250255128
0.5856867887998018
0.48929752811080984
0.006055182887118482
0.46243436720604947
0.18580810051713748
0.5960492429792773
0.8968582457292008
0.31860540639939716
0.7692953742465383
0.34215372972967206
0.00983971657009275
0.9995688099108423
0.42427435327917906
0.2667603946838615
0.441640871079796
0.4493834186420006
0.7842720131846117
0.35048293680143205
0.40527337072299807
0.10367507512461283
0.32385654250651874
0.7558788302919199
0.02896346281322104
0.11427751580087797
0.19291260053591353
0.3341031662021898
0.5393348833742961
0.21700063682990056
0.8434580973305505
0.21414293144098717
0.20783601693657894
0.6839324894164014
0.9529085958629898
0.04103822466049045
0.6893182271262779
0.05168115576687471
0.39769596144568775
0.679496450203983
0.6316712325502752
0.5669629287245704
0.28114699323711045
0.4493059224842466
0.6854217638319793
0.5409428046274513
0.26952878963711135
0.20895495925470142
0.29220193509413084
0.05373379439688941
0.7401666494307945
0.8538627694780204
0.8809935582935241
0.7004610251483511
0.49554128284084775
0.045628549530371765
0.35105439411930794
0.3202971596835743
0.04727085867608394
0.238704698565248
0.9704330223452452
0.8998752477165199
0.7238849821111417
0.3209007977430296
0.06897813908308015
0.09248520091647494
0.10629610693334013
0.4341242119961798
0.15474880736520003
0.044460236588585
0.5448751117131916
0.7917639515856383
0.33273189318683494
0.4701595193281002
0.7620371025281103
0.5591236744700517
0.15477280365404766
0.16695332311686784
0.7942437619138895
0.11331038478702149
0.27962588602762994
0.41161665262571334
0.7773282247170963
0.24898490963368314
0.5720306564632197
0.9295381155778213
0.3290493444153423
0.14638037416967242
0.5197202842929814
0.3781497390675961
0.532780861192002
0.16799507760475618
0.09726823987884259
0.5359843950302472
0.7762422682771081
0.800365908137797
0.45567988205991783
0.6387667289222514
0.9491773274252563
0.30732861745294315
0.06663460265146937
0.5539442344561976
0.7538867841730844
0.9111710406856505
0.20028525186397195
0.7350644355053904
0.1325209580756781
0.568085753827778
0.8655210208931743
0.1474044231409466
0.06503927265453036
0.6543282470337861
0.5915997828434089
0.6062592379079855
0.24174224379421216
0.12948693443392423
0.6800564333134909
0.21929505473100008
0.3642825815384507
0.9932712055763074
0.8057932988626828
0.8743737276102372
0.07906155732212183
0.10222377204854316
0.09625895352038993
0.9642545099381441
0.7969167774997923
0.6627636708629998
0.06762172762390128
0.7895797683680272
0.9030078355822854
0.9669660067930255
0.04684388406939022
0.3315504539099188
0.11080593188783983
0.18748474309014362
0.9585631560424237
0.3356977980085082
0.9640936871501756
0.29802492824333926
0.6056875989614523
0.8981574070600655
0.7408815144615204
0.4357703031320119
0.8226099664127897
0.9958522454749585
0.26314667923536117
0.2721729519051924
0.1299481365052625
0.6519902411584325
0.36630153822684497
0.20851072487176103
0.7697174482457485
0.6782834132981893
0.032296841426434075
0.46261935750458727
0.24984167552946113
0.1852941594738855
0.4402665357106754
0.363204767974166
0.7769084014886515
0.30231544551489453
0.4386205277603943
0.41814247966641394
0.20607545373835856
0.7981907958917738
0.19249122673198493
0.9731698969693614
0.38703424521926744
0.5444805821986202
0.010440465753137063
0.527378000803791
0.03493680783617492
0.012380634171627602
0.604332838795509
0.021908631766815123
0.5051921326241232
0.2447996782516092
0.2862819551381405
0.66826351758151
0.10103864089360715
0.9950016057840554
0.8565754617095973
0.13263133938146854
0.792798571450266
0.9732189939081053
0.1864855664906424
0.14263932879951768
0.47772093697711304
0.39264405259135615
0.7498708015067157
0.8329351166947543
0.159319020939229
0.2562032047950493
0.6074758107460815
0.3960056309609521
0.6751086881193618
0.07552180850268708
0.597834983489311
0.8546390101196522
0.8516539942344196
0.9634846986053944
0.7386862937028671
0.022435741545121735
0.21582598776169037
0.29179960126946314
0.09280182908413104
0.9687755200157184
0.6411812564799988
0.35496895721836397
0.60214091592522
0.5546457448661988
0.5583663577237934
0.7320767520692447
0.6442322712288749
0.8557382482930576
0.6084542601722831
0.28779655325787434
0.31469149802569596
0.539220255043823
0.8681193608547071
0.004026986613601902
0.6897799455440754
0.5105858754697506
0.025556944423538286
0.08356093407467668
0.5729115109524254
0.3969945717570973
0.13605358132147782
0.017194618550273044
0.4790132180605341
0.683502400127516
0.8361147118736516
0.5556828946724691
0.860646216754875
0.5685929531104942
0.14505554785241814
0.7779469635985877
0.8297932546215386
0.8554134992045703
0.23296165030490557
0.6969408976623729
0.8792188696508414
0.44512323657967046
0.7839252630366251
0.09458291736292923
0.35730857154411655
0.24875935930297755
0.8334639915092753
0.5271580076555734
0.7002933424731286
0.5840276515749975
0.20902766067692613
0.6925979277922336
0.6757655981527484
0.3734235096239099
0.9524999042657946
0.6010448365970976
0.14139287302210157
0.7100898757768727
0.3536006095944416
0.2401050717128833
0.07273563116515047
0.6078181408185571
0.4730954798669619
0.676198805514533
0.8640751463909564
0.0015984171991973994
0.28471897959702586
0.7834124813041545
0.1561580542702572
0.31512541056578647
0.814716917644765
0.041259655626461944
0.6947635419003511
0.1616661059141843
0.907914911172618
0.09275696405402556
0.9739996813373712
0.9946953691759028
0.49921900735387226
0.0042212311623535115
0.6682347905115578
0.7747060754181047
0.5194545645789839
0.4181939428552167
0.10657052873028672
0.9685996782060632
0.8144499456648948
0.04089955624565489
0.29376263293620364
0.4480636748444313
0.7062708938444332
0.15564355977926958
0.2314956367467743
0.1033419938052742
0.07551224089855868
0.10355697487208326
0.5439179776314989
0.2388049006202433
0.09355279585680143
0.9230930254850507
0.6613433499653618
0.06672430698381837
0.9836799965734301
0.5896827637650519
0.06602513399786059
0.8656609526851219
0.43999043337501653
0.546955385625035
0.35390960201399224
0.6198696952925231
0.5829723875026799
0.47092989773326366
0.11627442625273421
0.2061290717347296
0.5806769033266085
0.4585842497639524
0.8951587486529456
0.44440132944968147
0.3143833805939511
0.08220803458569781
0.7164909272102931
0.5787295755326856
0.7176660492254829
9.451459114695471E-4
0.9548203605761548
0.00477757845343052
0.6677677078029094
0.07093275685689349
0.5335595280338536
0.31041925075293086
0.5581866039744744
0.14544265875329998
0.7146424900209775
0.9457834888510721
0.9313831731968635
0.0064311672000775255
0.9815062471034577
0.0891608991869064
0.8005125065904869
0.11890426800215692
0.7693010312068141
0.5251785711101074
0.5390890482592965
0.14950360648013683
0.04623580035036334
0.6016491947777366
0.46748957911673683
0.44072019396455153
0.9999654204717323
0.5815006621229888
0.5152008758102731
0.8821416659297912
0.3329253511020598
0.9561926801180651
0.5877183178529377
0.8701394961925977
0.9205205643483856
0.5370261693193941
0.5170014366735621
0.29740247101722306
0.8360745660976737
0.3907522376876694
0.7243930745749101
0.763722492276048
0.9964450030298114
0.9358865399238279
0.9749079908491859
0.44943918487110057
0.9322119553220274
0.766135551543115
0.8517973818744561
0.3429493999170137
0.43634534647800804
0.017340903204488556
0.8302956814326843
0.7636878281205419
0.09525741370196095
0.3443479692413822
0.07945551947704588
0.3719852395402702
0.9561469161200664
0.8242051017802369
0.3709774365572234
0.10721019908318363
0.8345409423131772
0.3520996224364361
0.7239404630983487
0.745600945285087
0.015940733692888287
0.34643688101766834
0.6643398403673239
0.019193244478640237
0.3554778098679302
0.8294686943900266
0.2283379699704482
0.48725082593960944
0.029486611367330662
0.19987727377119158
0.08813532320149842
0.6016045006877457
0.4428997745039467
0.26372103556239856
0.42936686809296676
0.657306115047474
0.04637261882325838
0.34014839653295026
0.4589308274459911
0.5700038961302196
0.06704267134838537
0.5082860006230409
0.6721557801770983
0.6714449454627843
0.4068308155167967
0.31170736641994634
0.2582123455625889
0.9645117582985652
0.21219017959231845
0.4868885143320528
0.27267585759945523
0.5291984130773185
0.8692090320729452
0.5320565103617161
0.4561460380956638
0.020933107404586093
0.42797389573560607
0.18283740354503453
0.8278300682581125
0.45265307989725845
0.7100991850912944
0.11110976963101404
0.4329954175683822
0.7020381397809745
0.6033296161446163
0.4134699729897563
0.8731983603280153
0.43530944708286234
0.29712162617594107
0.705715530685501
0.4981948143349222
0.38899902769784
0.46310992578033705
0.8897528322651891
0.3884394097209075
0.20109706105275338
0.6343658157622497
0.9093354129338587
0.5070792063450805
0.2329828493296644
0.2873529515358496
0.06103899641463861
0.6503484222585558
0.07354550014418482
0.3804873142898766
0.676879631824523
0.07527007754514792
0.6669009990499716
0.35320740684303475
0.24498120791891642
0.9335712513295947
0.25511175591934254
0.8394608448528984
0.2846983784634881
0.890717759400464
0.5773146086671331
0.5995138902956058
0.5426014875601314
0.5589748086782466
0.016664016568265105
0.42398980730665525
0.3257294765315031
0.623399830856562
0.6364963297785993
0.014042550047180913
0.03851704081596963
0.7896735820604041
0.297121457527611
0.09157193835750288
0.23980244316053323
0.9326759716196714
0.29464835058368366
0.2433866594989751
0.7863221994094981
0.0747126099443628
0.21325034478907545
0.2532211548883788
0.8790986184933562
0.07229878446884308
0.932276699308968
0.9255128716869159
0.07912691210455347
0.14040647367194792
0.9796165626561683
0.6548459008951467
0.6087676694000997
0.5930812049978826
0.6727217075864534
0.24496744456302444
0.5052512408543315
0.4293347168619688
0.7386941114639344
0.7312833498332071
0.44270022148255983
0.6432198505865847
0.3548448051478168
0.21073872774370572
0.2890761528758212
0.3869935355938079
0.8011300893516785
0.932990259586499
0.7144569099389436
0.36627483759248536
0.16587153407605737
0.156776067187141
0.41705072040879276
0.09610347860082513
0.7961658377137298
0.5253898169572189
0.7833535289140707
0.8968057761904943
0.4343908645709259
0.9651647925236545
0.048855348179727365
0.758573686464797
0.23221425777882532
0.36087479205122264
0.27570246559954836
0.4536638758051773
0.08351061106245561
0.5119575031058928
0.7137213340444959
0.5251221855236542
0.967593573989594
0.12346705471317498
0.36121045633682247
0.030940645423431112
0.2441692690475643
0.8356616900317193
0.7919068149638482
0.1725525419663213
0.09141707479556727
0.546133117735319
0.5645325380632361
0.18657240647658535
0.5286040565828872
0.5283834482706636
0.7813287630355872
0.12868667494898267
0.7146393896532555
0.10075617622644373
0.6119822025516739
0.42860149000986325
0.46397506357629503
0.8496275396642482
0.8493513221560718
0.3449540149972885
0.17125881794555564
0.6607642184579559
0.8133978801036648
0.6990932762235929
0.5861459335601901
0.0627538142507712
0.16973041825582147
0.5166368512323101
0.1296759556896495
0.6364144540562154
0.4791656856407147
0.4557098288948088
0.693620504251875
0.49408956523145287
0.5447145462516768
0.15077193447546788
0.11420865728629226
0.08273403718939243
0.8723983005340031
0.8509395509845394
0.7616358911887331
0.8146984508772949
0.8123019050788676
0.9817083436830156
0.936763101342497
0.2801169133854925
0.19627023604159954
0.508983211608067
0.01641170896441413
0.044805513990076706
0.5386536796373139
0.23432157845717339
0.5386612362390946
0.28757703585071026
0.11650926228636393
0.4002961730048066
0.669555631231705
0.7808785149843243
0.4956636410155142
0.23488394468913965
0.7426243893763329
0.9686578097270787
0.31904409963207936
0.3137868398595466
0.8126251181087278
0.14536540722689906
0.4236839681344704
0.8695911662787534
0.4149131965597068
0.9899977419376742
0.6028084246118812
0.4266714576349203
0.9718454823518216
0.9590882154045277
0.5794073280645559
0.3907452601837109
0.5376236801626664
0.2925523338722781
0.0077010041444658395
0.47198504384827145
0.8229841229317533
0.6362929816431449
0.5689052522682266
0.07059357794078924
0.6911397368365231
0.5354723137710444
0.4777022039072413
0.0037486832609116005
0.5663810228708056
0.3023562040621437
0.9658226374052247
0.20282422972591352
0.4467416845902674
0.012638007640497384
0.5591466995030646
0.25979292620945005
0.46213559329712806
0.6341472834757961
0.2147286314705913
0.9517177046885533
0.16937118961526176
0.5418500945710168
0.6341523531676629
0.12223762535532157
0.025449588044869742
0.9230472986168067
0.31962368919865614
0.5489547248133506
0.7305524908984233
0.8266764409820093
0.18920556149154366
0.6756278755763852
0.3821264687797037
0.8606241918383882
0.8176028935905477
0.3380802652537551
0.6314696171500923
0.7909552745650837
0.6189025600663309
0.8627261985616266
0.28422684067013293
0.546963925710603
0.5376755808181288
0.16662406151263065
0.03620019954361309
0.3859546755734913
0.06484719914559178
0.7379611285711559
0.28588030878186543
0.22165809479870868
0.6447411567456484
0.6258771191820965
0.2151052916707621
0.37018822899563664
0.7897048848463453
0.818531908788857
0.5792533752156493
0.21744771695202714
0.46872111251968984
0.6383246062222113
0.8983754574833432
0.5618869344702072
0.586412827452288
0.03316941002639806
0.9906738314739817
0.6365233158620447
0.6188474254919312
0.8927350011186315
0.039733313485464494
0.06412735159118044
0.722546440356541
0.768553487845441
0.6369111915712781
0.24948113842755137
0.8831071294078794
0.6269053404570506
0.4902920110864366
0.9626160774602557
0.9198420759084363
0.5133863683161157
0.7416135160647882
0.11693576769714031
0.4128431358179657
0.2580629905975139
0.08257020300667506
0.9961304000245178
0.8688759417021468
0.6001224274902102
0.11190036623593791
0.4337889153222294
0.6925112694580985
0.3609233846550637
0.6246632329662872
0.6996152240568818
0.7788993686705161
0.5443542081268811
0.7751121491924182
0.09615447547699241
0.7945937038641895
0.4934041792721312
0.30457039219414905
0.5199362027240918
0.4628302149172504
0.48185456191217957
0.2757155335160564
0.4909397731899743
0.4196684321422032
0.36999558531351595
0.0046787419463740765
0.4042892163033057
0.4574005766508241
0.2032752673496776
0.13236537504072232
0.008083148648420746
0.22163513797217915
0.8827870587484665
0.0264028538336607
0.3612661011897188
0.6784607987695223
0.28650163903445613
0.955122504559761
0.7754477955189372
0.9180973252851959
0.4701500611472217
0.7249809969487421
0.4945763684249044
0.11143956903077834
0.826663597697035
0.7228282491808788
0.11637174152576679
0.6859005799534063
0.3330772548704575
0.5544275706282596
0.009425619551028386
0.03696049068558327
0.2638028359387926
0.7206347560059095
0.2298741724523653
0.34182713485649696
0.9991778125766788
0.022641730695000417
0.6915498029741702
0.2916147237960287
0.8081963851326811
0.6376918408417785
0.5935180176098834
0.8084468053798
0.7343290273120667
0.056672231532234774
0.35890595903725975
0.0638899262039867
0.9633363376200776
0.3249900564688606
0.5889286552115288
0.36512394516676483
0.30198421573220346
0.2781386404523515
0.7860191632299899
0.7252555463049868
0.6465657465555129
0.7133598091033765
0.8499691176324147
0.18418089151237216
0.5701367728946426
0.6888086784906285
0.6009856302827989
0.19640413235116683
0.40737094926843687
0.391627037143891
0.8335711781567089
0.652217431010909
0.4659406244914841
0.2663318738886534
0.6551321654094403
0.34864921707683905
0.243330053371701
0.3449248785072062
0.11322308662188174
0.9765867250423613
0.7779867263446664
0.970129491014493
0.36533189564291146
0.9404790996438399
0.5137175930673366
0.3531617065332583
0.8951133057595432
0.5770273151178145
0.30623597624242505
0.6574406378620622
0.52897609500023
0.5892671582060124
0.45076564622227444
0.5496454525026353
0.2569305239043497
0.7624515284588261
0.8596083667535642
0.40952464898724095
0.11160243875218179
0.2781382833108892
0.7685809428274266
0.6398640285021971
0.609319981323885
0.19288997833696742
0.6012282374585081
0.7680197215289973
0.5071793962253981
0.8979915736996072
0.8697183746220625
0.28042220081608804
0.8799960431142884
0.6265924944496594
0.24132605128022921
0.3814579011730641
0.771046903697794
0.32467927215331294
0.14941083882825712
0.11813450406020798
0.9205109367052449
0.45228507355037195
0.5777960914180226
0.5619360976832036
0.32551328013446446
0.5313420531447655
0.8974551105216029
0.9892746058420758
0.6356798849423354
0.5065833048186014
0.8844106376776715
0.251943554683155
0.6381084379181017
0.23590031211785167
0.29775409381547613
0.7789807121641512
0.3356622994706193
0.6765619793969837
0.6466903912300074
0.9013454533142972
0.37249324701290376
0.5837020598920396
0.025515325198986583
0.44081748295719403
0.8106994740037057
0.7874807425345115
0.14543096153334667
0.7545228509347056
0.5120252388264884
0.36532677399126
0.9421057960838363
0.6764938840489537
0.6285082037836077
0.27566642163520694
0.38788581030057845
0.04766878349624659
0.955980612516909
0.26954558687682495
0.38756272948163684
0.7757376088675396
0.15433099433305097
0.14655115849431788
0.886605391740581
0.6162406433584203
0.08843219356748555
0.6714378334361264
0.5707610484191672
0.11632546638244567
0.79364225600321
0.7178670684283595
0.7859323773152572
0.4125688846930158
0.8197841418415737
0.4556636671544706
0.5572366941759608
0.8242702344721271
0.957510923901127
0.6479970910228693
0.8361534492999312
0.43362188511622357
0.6009623585854077
0.3748930504438539
0.3546664723470593
0.09416365834316465
0.2506191977230082
0.7494820250473
0.7153070000454278
0.5589270455045935
0.9102615982073983
0.44339093286416364
0.5960039573443541
0.669675690858564
0.3819376324613962
0.08768387419691626
0.1986473702411906
0.7986482397535469
0.7128485174240838
0.8657587736989978
0.32027176081032016
0.9842100269292553
0.2980564235240274
0.8646054515076342
0.675765097188213
0.4518194580162491
0.3929212503686018
8.321779181044153E-4
0.35101006708659444
0.46171587981472595
0.039172908616113444
0.587866145586254
0.5153636275672003
0.6747346508734241
0.6585248614611685
0.8607348764944392
0.7723812494728839
0.47765602168453236
0.8177354875517255
0.024834094525245654
0.7776920849200291
0.9594939010939815
0.9190234732536919
0.645088954218294
0.0029310217616204115
0.4801309319784951
0.8197435204100251
0.44191440242363955
0.7746344718241143
0.02270582612890748
0.6352283763445199
0.8103812281509477
0.967005506650171
0.7711595229521556
0.22870377773104644
0.628993838098276
0.9774549863847196
0.6043462187890006
0.14218236723248645
0.17448608219164485
0.8638248394287956
0.44811570480001683
0.9722428392540039
0.2090415614999983
0.7721996095074026
0.6767729335570329
0.4446005599794133
0.5563442734701624
0.03421282265661085
0.005321513062884087
0.6913760148928292
0.7328662876167203
0.5627540151046582
0.5638969812814341
0.4849671873933291
0.4507982842596713
0.4249830118051726
0.09579634383389013
0.43243231856236086
0.05902956748840604
0.721557631873408
0.4705100185160117
0.3842889058224672
0.2385836159128637
0.1509808518900656
0.9531624681265591
0.5616358003289911
0.5189153725984721
0.8879740578090118
0.9217678962295839
0.15550404476649748
0.4314766581206976
0.6547822301689492
0.9737068626578107
0.4023430804235767
0.36695593048755326
0.11431764119128496
0.6128306478651306
0.3895484644066648
0.4525985299967292
0.964048154333417
0.9585990962755847
0.09493721177648473
0.016013819040208044
0.35953633980123056
0.1686585367688579
0.41407734305200006
0.45187533257129
0.5465358020638293
0.5162657265165029
0.17937758050212937
0.5579202821916629
0.8305508211155865
0.3139644982652976
0.42484345329514916
0.6566545817275079
0.26276571097912016
0.12492076670931207
0.4004063733242226
0.06916978940633756
0.6712498854355691
0.9533227752127688
0.08973147239240276
0.7574779482390449
0.9163452952460933
0.35525240988862183
0.2354109786423877
0.20177092088453585
0.4991419958829798
0.6614338438967493
0.1254487664521815
0.8290101633485181
0.9019485621883382
0.7532661212776506
0.6449429396383253
0.5592533922327902
0.28966319093515625
0.08354545889780107
0.3468722684523682
0.28612426124995793
0.4509520959499901
0.8832838683719757
0.5458928708256644
0.3578314048623711
0.10814114853076728
0.746030152210178
0.6890515916475164
0.3751430318154354
0.9747273007637541
0.03109964508648433
0.5073218074300774
0.8727232699619004
0.1894156476156147
0.7771188364338291
0.7018685646304511
0.7002367208187587
0.0055888963726139496
0.06729123781145907
0.16894875663165787
0.1696271346807141
0.8651150173465056
0.037790683403147285
0.017352882574457107
0.284976940403338
0.23539965815464126
0.970688240828379
0.8822945326259507
0.6213531905025822
0.8385892072525495
0.16281925590072666
0.28965392681011903
0.6690469611575711
0.15183137959916815
0.5119963434371791
0.07448167433795683
0.7096118497197298
0.3074987109440751
0.011974974412510164
0.1076690284082954
0.5401081101262692
0.7722821092883839
0.597577777036257
0.8346909151756896
0.6119585233065044
0.4340600064708434
0.03138365815401023
0.3803279299000665
0.40082247592379694
0.9754496847360992
0.7733881829255506
0.22327364602974054
0.07389424768405373
0.6629471482511051
0.02504147564372794
0.6945333482761084
0.7710318836960252
0.9305613917203228
0.3890695953588791
0.8035206918938163
0.06612291288465189
0.3868496968360189
0.836486088756933
0.1457580043439437
0.4250930877770328
0.12426000987997388
0.9221996367030987
0.8960873797545091
0.7269645184209679
0.4596867257391086
0.4406240722161914
0.14129770866113378
0.16436923419461946
0.48514604341005063
0.9626971705732285
0.05607489029971768
0.08992474743292123
0.05747725550804861
0.9457144222541268
0.6761808393205415
0.624877540870568
0.10597617410816162
0.35738391375465095
0.2727677518846866
0.09642089636502649
0.3868668393672938
0.005508653637314009
0.5817339955208255
0.6200933072743624
0.06351801872880403
0.014702610409411787
0.39202760341553744
0.39366378019461656
0.741310427091426
0.14154674744382678
0.2468039386808769
0.5189100523646883
0.8360611384913248
0.8695911501684314
0.2613433677113195
0.4176962614114569
0.4049114549551508
0.47560968720191754
0.31163573914180964
0.15875605649019597
0.8185842187851797
0.5085132336066565
0.09753741066148836
0.26158766514127096
0.9039172586174941
0.3723280245962871
0.8344072551163761
0.7938669421710766
0.43557865004048757
0.9546449965052832
0.5771281704665503
0.828784698811367
0.10587065247800509
0.4919467653145835
0.43041972781897064
0.5787147333457084
0.3515281148831071
0.1132181367934374
0.14934893658690662
0.7716185112799172
0.666417772362514
0.753246597385876
0.8839447386453796
0.08659305780624549
0.27904472546662296
0.3770191343873768
0.07182291996092993
0.7149680180887583
0.3237722187913461
0.7066211863396188
0.7327274315447317
0.36335850027372785
0.8846611819900154
0.8920447501917323
0.6688945325358853
0.265079470487973
0.5408354188736076
0.8173108724612335
0.32514585902261606
0.016328456290003568
0.2922792578748197
0.9833138564168515
0.3126168984634381
0.3035423501886373
0.9949731844758001
0.15879252427514956
0.850026712545689
0.8383349728364006
0.6842745594477107
0.24083539704656776
0.6263957236196195
0.06642132907341514
0.41544868273160096
0.016325704717495837
0.8391172212809334
0.466934955658758
0.50025752287561
0.7657326647209107
0.4112892924812488
0.5085446887457697
0.2685114389132003
0.9006550978443779
0.6422132862247943
0.5787767358482375
0.7334906409027346
0.07652385678085527
0.794964823326815
0.4529489242463105
0.7901427069403198
0.47186909921819553
0.3749440359867078
0.1191226455006259
0.8249618970378456
0.17555879871639912
0.10331093589265339
0.025479479782211434
0.8664571553728511
0.8734147115330291
0.8392123199392808
0.06652804203838458
0.6551145636538882
0.2756119765790015
0.9547064773535807
0.8745479070423443
0.26176069752375763
0.9762687231273557
0.9162918018368004
0.23267649062280227
0.13323317773551124
0.6866318113031559
0.07694568427624493
0.6760451704266438
0.6942645476486293
0.033265042724221816
0.9325800057015546
0.5973712015137991
0.8844857762308488
0.3626461227830352
0.3468192707632567
0.42341119604725386
0.2594556596740799
0.24357842136687502
0.4980077982657084
0.6786828192349291
0.5346223686558252
0.6088240444745278
0.5523521505932615
0.0028607613590007075
0.7011232876946681
0.7273643156806903
0.31710507700073354
0.4382532729709395
0.09232963950040185
0.44869387443260433
0.3776971749587591
0.5537655242535195
0.03004186940401743
0.4105549297142985
0.4727226562838125
0.22175603837517233
0.9292420816024403
0.1515173917752376
0.11068519127547916
0.11419239278270765
0.9903101058002652
0.3198117706360406
0.6824104485587649
0.23451256491765093
0.8576090016956402
0.41982046721052213
0.5730312815022779
0.05159804924699152
0.8733464085291944
0.7876342190968487
0.027451903238592035
0.05226502523604304
0.8056182102448345
0.7370796770543494
0.7731974258407179
0.7786798596164054
0.17954039449008208
0.06762437502987606
0.6545546958990605
0.6671052002249849
0.5903756579611633
0.3755654348287002
0.7819111969335584
0.2543828926129995
0.6275608374861982
0.859908245942099
0.950197600708098
0.5685598053375719
0.28854144368022117
0.5643412455597827
0.33034087944292745
0.7700632496202534
0.011319696940343404
0.24671318084034488
0.6876337025531952
0.35983175891011543
0.7046220520421465
0.31741916473240317
0.6309267244355343
0.5208076979689152
0.40459260365503724
0.5381014380330364
0.6465498073057816
0.40919805561183875
0.4369188284242316
0.4220716183627605
0.9208685248394344
0.46190943623591163
0.21329536303310004
0.5278601028744904
0.20538213217896173
0.03656367132480598
0.04113274328012129
0.08729939792515107
0.2282693555101566
0.9505002225243273
0.5754168110347578
0.6595472436930596
0.4062881942222256
0.735171715520922
0.7916253341268878
0.7524559567924531
0.8609357684788355
0.6723386645587797
0.6086080005195255
0.6026942984525407
0.9927750236130044
0.9284699577958728
0.5403359965433363
0.5560278815305214
0.11783389948996337
0.35375487276186124
0.005427531708355304
0.7391647144985879
0.9199836048875206
0.7621334826908475
0.1733554230138672
0.9645717094098452
0.7232021638315995
0.758751155936688
0.47624312362359855
0.05966884884071155
0.8376294641545505
0.4312436888688773
0.1651553609812455
0.0618068760676318
0.4833199826644886
0.47125927364561204
0.5397895680678099
0.9704350768158019
0.045599633260093086
0.5426234612824409
0.7304746081518941
0.9978650689917994
0.6659328155215732
0.9625535970845885
0.16138273086526989
0.510037250694204
0.4222059089465622
0.012328613189880544
0.07386122270196605
0.09869569625423391
0.6023335809342845
0.4438208266537069
0.738789950543512
0.4763782772603502
0.8250941462361789
0.9982956352735349
0.23687101543942357
0.1356276716589877
0.012100040502518783
0.0038857372326659423
0.9357567226961461
0.9638300453359441
0.4648099958204983
0.36814564010087714
0.04292233137270329
0.2550873747443877
0.550488720103006
0.5320932864373183
0.863189468861301
0.8105295616846692
0.7510208395869097
0.2021445093792409
0.6398069493226141
0.06847300170589043
0.0784848988494905
0.9263469442962537
0.10799466558717097
0.4558313325513216
0.11139394663385349
0.8313194451698086
0.1398574050512722
0.4021850464693636
0.15550891167388603
0.08630328160032319
0.10957426662943726
0.7079160131871102
0.28313088702765643
0.9107315897847369
0.8577704324342691
0.2078130981793085
0.2547787431766628
0.19172280947452502
0.38397721711489063
0.9215553179105436
0.5771582256527277
0.02790503474238304
0.6460867089405866
0.13247873903518648
0.20132877118543335
0.765976988215864
0.09570740984854376
0.08603312364867832
0.6149744141987292
0.3464120325161194
0.8283268383650353
0.24933499696126538
0.33268483138509386
0.02471165126634567
0.4771877186857809
0.32322292342092096
0.0381530079445902
0.7846143589226695
0.22978357826379414
0.44822173471179627
0.8821955508654544
0.00966650904497679
0.5958804144433537
0.295821398797385
0.6905020806794955
0.22956114652493365
0.8059703493459578
0.9864774298969384
0.08501985372881171
0.0076510828160617494
0.9690637472823821
0.025738372102124374
0.7728798601125906
0.2860427494650475
0.36872595976586253
0.6999072341707214
0.5067707356150111
0.7546766290095386
0.5262648520255546
0.6226428477886001
0.4706666657277885
0.060800975003799995
0.9099755964702586
0.3739072445258197
0.09481543380386892
0.9252446276880613
0.4193487752428524
0.4226655974727954
0.5538931416330984
0.4818955700077041
0.023148046347423068
0.774744934541077
0.45223158311302214
0.4067912465649599
0.18026389977727741
0.03725761062114663
0.450024598139962
0.6532268953284917
0.9222492142334398
0.8409960510555826
0.8344198269777823
0.8592882350584976
0.726443550643749
0.8122050441926395
0.28940175264523893
0.7442148104267766
0.5585918111157769
0.5351375068827237
0.36837265274499564
0.059999972710939264
0.7138638642575543
0.19680042536591114
0.42333756434203984
0.9146340737136908
0.3351813689963532
0.8552967538519516
0.9945993841256845
0.5333968433357875
0.7377578539371287
0.523169980691489
0.9148705427390131
0.774605550805334
0.918758485556546
0.5071572263963294
0.631707487268662
0.9662247337275096
0.8809857983410334
0.6957573375383241
0.5021740307991903
0.8797441471114537
0.6494973358770447
0.7360201611596663
0.06364012339989422
0.9077309624075593
0.11006188578390952
0.2909633072619774
0.5346219767884473
0.7614625930404229
0.04836029475035508
0.8190225467540765
0.04957000018167501
0.2550462882294062
0.01883704737617775
0.5669421449752295
0.3815107999528118
0.9924317598233524
0.9221090793678891
0.7175114644382866
0.1564493355270984
0.02372322981057029
0.4198380013392303
0.883553905941505
0.8134376405972604
0.7871970067684355
0.5659718386869346
0.38957457384753025
0.8142162244424704
0.9034307479457265
0.2832627543652717
0.03247302525097839
0.8563346294875546
0.6379510293321032
0.5639667929745306
0.26272688533606026
0.09365711832501955
0.09880497062591387
0.523632120437554
0.9774532921427201
0.6181597949733059
0.48546267901576934
0.6868818051300616
0.3667537518770557
0.7069257072885468
0.9554562959399746
0.134097547683651
0.50474900290604
0.5882437510155034
0.9251622542770622
0.3879104723824369
0.6267101624763078
0.730717900043212
0.8711327461983555
0.16840536502047843
0.28369225510812923
0.9092930229352687
0.9483828973770977
0.3959443881845659
0.8160762998467831
0.5521031919020997
0.9920395509275274
0.07051697920448374
0.8374266588194818
0.12204939248565183
0.7187583579341108
0.9065215221510665
0.6700691909807102
0.5370121154407598
0.1943149512844432
0.8518856257840333
0.9237972338690951
0.8826056571272378
0.8837768773142879
0.8704310086118503
0.6591108753022825
0.9213801239870111
0.8506622780450995
0.6163891449627751
0.826396545283517
0.1523774533302774
0.9214915142347659
0.8799741724182288
0.9224525316074353
0.4249476322695256
0.8821383404201022
0.9329191176501038
0.05576708436031719
0.3607314940806289
0.02238642729105811
0.15288173984747844
0.861955092781916
0.08771625147809692
0.5950978947292409
0.5556262350388572
0.9607598879254039
0.040269959819190015
0.006399717905935631
0.11388724205644407
0.8960259832192004
0.8290613900989457
0.8032945878158413
0.9918219240619863
0.750049477730572
0.4347712141781753
0.7751023196097032
0.07395691655798564
0.8737120906969643
0.22950109386519346
0.7351380101224471
0.4175361318706523
0.42380500823257317
0.5797866880520438
0.7990332838291584
0.5071755479267236
0.6489491291743013
0.03512096836030976
0.2261069552853796
0.44073154500523104
0.11551758550080626
0.3558940586629493
0.1401910822056217
0.425288761824143
0.31496705723356055
0.8846556387599527
0.6963190576115277
0.21217389308193702
0.343983988221625
0.014606671466648846
0.5096814693344233
0.34990152647389816
0.5988519470475778
0.7592261432151698
0.41325663607401597
0.3839585232595837
0.6754465300289425
0.6769392868552544
0.8605213471322997
0.3823328541367369
0.9162638791892025
0.6547338186705095
0.5396487522773299
0.4156933870475086
0.2958891898210042
0.30462987598534763
0.015599025713473824
0.8711267994425905
0.5863113475708628
0.9769103736432332
0.46650954944712497
0.7283379551669267
0.9934900473162297
0.6440178606122278
0.830790590201774
0.17721973222809084
0.7065816455229443
0.159024095809568
0.931332790488332
0.20569881297435189
0.05122985248477163
0.6425785957646181
0.39323272365607986
0.03676372841731823
0.18832771729872166
0.0022424849706413896
0.4214427515737521
0.5435810647291553
0.5496569896261123
0.8381139089953138
0.754751561426002
0.02160644402423262
0.4518111844332007
0.23865102082545486
0.3625012849986258
0.9465963141150643
0.5798086051246985
0.22059915069319103
0.7004479718185667
0.5974269730878862
0.2818015246041271
0.8169281773096055
0.5921710885540789
0.6726267516290223
0.8662879212353571
0.06668631587231788
0.05243892779977788
0.2795281440258345
0.34323169356780836
0.4106767803573034
0.6189353974862841
0.9249454903984421
0.3004980264711353
0.24686343860384674
0.008755319908345882
0.38628503833890837
0.8570098399924567
0.6494115526244921
0.166073704160565
0.591993202580917
0.8840316434046636
0.5052702963435892
0.01739580059964929
0.8902496348097998
0.9359872845524108
0.5722028228213315
0.5007939003112137
0.33481097439000196
0.5822173134672988
0.2121703720012107
0.6855370996041855
0.866911899570426
0.08108287504194223
0.8039767051278449
0.04852056620554346
0.5221294020988073
0.587821782679209
0.08907896199233323
0.2239003260127702
0.04111689735497881
0.3375634567383272
0.9544713091084784
0.7923396674924916
0.5131139811754704
0.4949086851679475
0.40654761653806526
0.9262738754866771
0.9311384678310427
0.6114806442786989
0.7398493154016967
0.9575991754480397
0.7877667065941154
0.8828533531121631
0.15460486005789065
0.1841922049852368
0.09040871450014087
0.6462638130942912
0.3269668054259084
0.48166634822492604
0.4249839066730473
0.8105140585842502
0.6858530202925652
0.5367711232114089
0.946904222589123
0.15946943706194883
0.4002981886395265
0.7688409504003343
0.4282704221988848
0.720559322213491
0.3312215461366309
0.25569927640035905
0.7401881640167873
0.6396864967014162
0.45151771164290455
0.23042485040581318
0.399109884967476
0.2539515941434922
0.48837627028816266
0.9653857474946574
0.05610878862463664
0.30359841240382546
0.7917367817123458
0.1099478989818794
0.057991356511915115
0.47458713592056445
0.6827851904104568
0.7982641039822228
0.4591542495177049
0.7132008395897091
0.7863979615829544
0.09354993219511143
0.11309227486359774
0.004092200170590532
0.10144034412256397
0.5852525889232087
0.7224634570416484
0.5531761528109833
0.8128248233670432
0.20551917468921566
0.9766174038725092
0.56677533670103
0.09923603858898877
0.5813705073198971
0.15549341588151988
0.0684238364859393
0.4404284588202234
0.48898675259742297
0.8287943587814528
0.4447361603041866
0.1780031888393968
0.22651106859991832
0.5293427100060974
0.6617472665549825
0.3335698487430503
0.9717775917876956
0.5295250598537049
0.34313011087516054
0.9382000851932946
0.4413701562215765
0.09973115780950992
0.1516967861995705
0.37707875461989904
0.4174174555715878
0.87769376225461
0.16558969013222513
0.5032592247112316
0.9585317024041136
0.22763586841815808
0.1905688744586741
0.5244287525154611
0.3612962634377873
0.7181310288877641
0.1998017949600157
0.9165905419486544
0.18870904958472412
0.09758348309609399
0.34256178772237234
0.8685685060864065
0.9319876833597622
0.39623414537468726
0.2132414528493387
0.011240882550216602
0.12214267858192907
0.03359862410059966
0.3220872345183259
0.43540936066460156
0.9577250051280888
0.060243746209985294
0.9590615496516633
0.25220951851887174
0.7651541917066012
0.9128086180431919
0.8922384188672553
0.19996908704852634
0.8580331978499162
0.3111766446414225
0.5921391531453291
0.051420234150969635
0.6118564539630943
0.1767045608112766
0.9234142808440716
0.8251720208720515
0.8205171590661465
0.7004149929347727
0.49527778421295265
0.05534943874497322
0.6510201084073125
0.940058478181295
0.11210012060917274
0.6233051877686429
0.7628064013554916
0.5749515569566138
0.015566134818938537
0.9053105221506329
0.40809624959488333
0.6974968130913587
0.8598042110291346
0.24013110723498876
0.5796558709516
0.7702914105488684
0.6108928528074785
0.9703946841266174
0.5223953668781433
0.1277302172216328
0.8121509278780203
0.5616563140691522
0.17520296542848113
0.6510097740236098
0.9066178480064607
0.5530676936142169
0.3594226246071607
0.4954394904202737
0.5581299878373731
0.34355663301395256
0.7803808771140969
0.9989661085368413
0.1623995161402566
0.06742316652298674
0.15836920356331452
0.15081785423943683
0.9895019358559249
0.06325836468996804
0.05548825478153829
0.24917447379183044
0.649178513850738
0.6900919969498802
0.21476011340736179
0.6267693733168402
0.8203599638254075
0.49467580750125273
0.47791493774863014
0.5733301565225772
0.43631755583530196
0.983807919480132
0.5982580514588993
0.8337637704720424
0.7668478892091123
0.5056051825689952
0.5150240529586039
0.3109925474056767
0.08889762898267473
0.9936295527471767
0.9056237175891527
0.8523473598459524
0.8870344202830687
0.5777745817135069
0.08219042288777767
0.2484242291476707
0.7751703180326903
0.31581852937083343
0.5488321158405147
0.8233103439527334
0.5809437452427437
0.5495502290571832
0.7859950086087586
0.245086298099632
0.2841665184315256
0.6393738687359485
0.07834544626986284
0.4355101840714545
0.7507421397014603
0.08129916800714743
0.45257591700039224
0.7077901056634954
0.45346129051323336
0.2602227937771704
0.04154189411165754
0.5113514388582637
0.6210812109787199
0.34340794893448345
0.4411352792004617
0.41250493520239695
0.5070949816674409
0.06806747767979915
0.8763009495601757
0.1899217806064386
0.7195969670651499
0.4269577124308279
0.2426027379086162
0.17382227755669377
0.8036506686472825
0.5058883537960581
0.33974481858662076
0.20778404759328217
0.5175653882669038
0.9770554967789681
0.8634549847459853
0.8620760867674764
0.49448773375304544
0.002103444884405614
0.9721360812533039
0.7774249658132169
0.2307143003638441
0.5488217770880276
0.4946915637383136
0.26811945559182737
0.5921318654641784
0.375384091651497
0.09593175398708842
0.5633597428849509
0.2801912289065378
0.1860342435438187
0.9659669334720392
0.3157574798418288
0.948821058836564
0.7121268645299598
0.849993390733648
0.2558930631239399
0.9136878083467724
0.7224279007307494
0.48487886987969764
0.12183624449209207
0.6452081446562801
0.21658177045069005
0.7589535880709878
0.2425363422191127
0.4867201723068866
0.30565131666192946
0.16141300848897977
0.4039883711400667
0.28921934816094885
0.5336366130486404
0.3377387080177138
0.8770812638656031
0.9040658241768145
0.6438791928808321
0.8175436527953107
0.7360345233220984
0.7250691530001564
0.0442576776654513
0.23124779618430902
0.8463294418912953
0.7213566378615569
0.47508118857928283
0.5819908413073706
0.1510412645660092
0.6524315970948125
0.6335867336983462
0.38918777722380216
0.134478423944019
0.40682805573430336
0.7589469018742302
0.770133814826588
0.5920352021249731
0.6557674863053896
0.4316940637226475
0.7760649648347323
0.08516393988184778
0.26322467005972094
0.09146723921129463
0.5490803847717063
0.7103733046339793
0.14380812940606935
0.026988048379135487
0.1163327149530562
0.06115843211940397
0.509862016524056
0.8421719270259388
0.8878928954524182
0.5117696097557201
0.6991952441875087
0.6522807333315427
0.17469540839751208
0.20172566676449255
0.024844468113339402
0.5140233072232867
0.2929703407078137
0.34997798653977585
0.3382769974353218
0.8435098029772807
0.07156865120973221
0.7776318800304809
0.24743968382511206
0.8259664388283376
0.8285865529532541
0.7681312430677415
0.18106055876389004
0.0711167001410764
0.13369570013968402
0.6438128713285585
0.7406089342108366
0.018135289739734217
0.92258491912109
0.6877365868348739
0.03132059461079206
0.8440810929171935
0.779920225035149
0.2896976167345805
0.9136940264553122
0.879715398566697
0.45722909450399807
0.44532716219677937
0.3668642611853997
0.7866115918026937
0.9421152367718856
0.9871878589381139
0.4052602254960658
0.9994626265695142
0.6452102285910016
0.1767698809479773
0.23995225678738485
0.18749254575838137
0.5212682626808625
0.5362942473683898
0.6260955660634892
0.738878171066941
0.1908101143003047
0.04922961308756624
0.5878763283759076
0.5220873567816883
0.3787228067254659
0.10842848460478005
0.9623663544760482
0.4280399371680552
0.23622095351293582
0.8407895068039934
0.45369279280523256
0.44699778400027623
0.3625761614839056
0.6873517994467634
0.13892892724578787
0.28409002195941124
0.5930210012997242
0.36772760904228197
0.6171125272121875
0.7673797364752566
0.869233177056048
0.6077797540939613
0.24279770374703602
0.5523785421154885
0.7588068264490851
0.25944973449965036
0.13554703367469367
0.8769150704262881
0.4401166499963498
0.691643169369407
0.9067694360907597
0.37026370807488884
0.2189815102927809
0.581078515994301
0.2953109134174958
0.17043987516629366
0.8935336095665746
0.4820053989540448
0.15320369345747564
0.8535680628258951
0.5336992979197194
0.8036988820765353
0.4729804301901235
0.9292288230626979
0.4916981793111256
0.07463578126910819
0.39795964794394034
0.9056910864670672
0.7099663665016629
0.6222595371991022
0.40690845338973003
0.1789358740978344
0.6429104104579673
0.04723941056740566
0.11448913957187867
0.24937795047603795
0.3588979715011671
0.12113091383335839
0.37889559466429157
0.020191193467485435
0.638891601235197
0.986343115474807
0.6580859087000412
0.1811445930498643
0.13813175469491468
0.7873193059585959
0.80601756034791
0.9318543343716235
0.9272756029143652
0.11183762263018726
0.7502910777959783
0.548359018659383
0.9793973108699898
0.8713371019681508
0.7426088314869274
0.5469236338432863
0.4192566862752528
0.49917619599647256
0.12345496452391458
0.44897885907047663
0.6012419908413527
0.5957295118730652
0.7924026044016274
0.4011019184731369
0.33239333519275216
0.3992292377527257
0.8254550845876963
0.1539451287770235
0.8069130227469
0.7112573939225301
0.9308268204201692
0.15401842317215653
0.06856866024984942
0.15579532015384956
0.6845704709886794
0.7522322717030782
0.06739588456488677
0.9007363669056239
0.7374566051597201
0.783106945324217
0.6271066053622601
0.22076843229107146
0.43451204892823625
0.01855458113067121
0.889608801193838
0.5305321559802844
0.538622990694917
0.2501403013837541
0.053044834033811106
0.7669614492037876
0.9996095655437848
0.0037285532689710355
0.46975359706295106
0.2497122390847365
0.9601776747444958
0.14042094435751284
0.4205636321408932
0.3985858903979953
0.44015454548711375
0.8476918375664826
0.13182279251427653
0.9368536374691859
0.39041425646034544
0.7746279582372004
0.8515711029174696
0.4593879007160847
0.057899488411844335
0.3151782398738978
0.05126292160493917
0.4945071558215808
0.8531456135428587
0.29332016861272814
0.06944461688773373
0.4384404312062512
0.16171352443686327
0.5540489796232753
0.7637941383846215
0.9913175727985442
0.790937472836644
0.2140956302363597
0.987928553999323
0.9735918062560414
0.9933940432979901
0.5762803127822567
0.9593859998896035
0.6518004301619866
0.2584984649792421
0.9614072307674492
0.8351881814948924
0.9525704311208733
0.31363482617910055
0.9616072896153233
0.06138961211787075
0.1937747425185664
0.026226059605819585
0.8690346863692473
0.3130199878970171
0.21174576650740173
0.14815022573728875
0.2838237888131223
0.09082587821497257
0.013452201356701332
0.09390913361847697
0.15521262368397326
0.29121797391752113
0.3325455478599866
0.19395577430168076
0.7597388652427662
0.3158301394432722
0.7181824785003635
0.11458652431966343
0.37041511326460086
0.5370965037882621
0.03552931640548851
0.3858048104639643
0.6207892250545914
0.18625299286775165
0.5068549195522976
0.22856191758698274
0.8177962744837493
0.9801692029233109
0.6721181501976847
0.12278166795301948
0.7073081187180179
0.05341735281359661
0.8979563218528585
0.8075750189353283
0.446287182887675
0.01198410307820097
0.31398061751304596
0.6550508232966225
0.7854502869080616
0.1750318082496265
0.30528505772479164
0.6091289851146044
0.7163491172482708
0.32111522127076375
0.9400750047519376
0.13076245675563747
0.08677335412327158
0.5052601643388598
0.9613215057510499
0.8409739746820031
0.9383829153450702
0.7633101477804556
0.22134787099931164
0.8031141955626991
0.5704753347589631
0.7699473246184066
0.688254574018811
0.6357471081214795
0.5837946843464199
0.7667940828104313
0.4030887280792107
0.897569181026417
0.4082883782956189
0.32700134244533696
0.016664591001178897
0.4357685618389434
0.06871772422878641
0.7727300163385595
0.7849410174664401
0.639230288137748
0.19202893986697367
0.31193172366490873
0.15186243741669625
0.7879940419023275
0.5103906567836181
0.21083513311376778
0.2985693915059865
0.9403706243384057
0.36380401112932925
0.5685440475563825
0.28788491161609
0.04912331715156526
0.9561919166739543
0.5101536141610687
0.6829831722803152
0.24812041921001915
0.36887356789429837
0.8647908241000362
0.7691463210456676
0.5008652214604137
0.5853303735727834
0.6449855144203048
0.7575160998832534
0.05230985059861992
0.031169614504581666
0.8937784460043467
0.5997462923367842
0.37535873026934574
0.383192271647664
0.7159720070912519
0.2924623030452336
0.5534684851772954
0.6514709830371755
0.5599306899787593
0.8004340160882183
0.29075029765403115
0.7883444491387073
0.066336808420568
0.9773685442639637
0.9909807150488172
0.3282347888542596
0.05030817865617043
0.11322848675719954
0.5969276699962404
0.8121936517654053
0.43328389468929784
0.98698271708878
0.13139752566437257
0.0010838943012531077
0.1910842427493875
0.5536951623421839
0.13140961746362756
0.13130234974423682
0.6345514592468652
0.6448585434046193
0.4169045131020096
0.7169507605316514
0.5891770269793658
0.3108787979882158
0.8853921569930993
0.6523604996235091
0.29012217664678197
0.6846166420789636
0.2739462177600259
0.6188775011941261
0.05903775781884102
0.49489262487823193
0.07995090169931818
0.04981388423478106
0.07908951311375112
0.6088616634979545
0.08200651369497636
0.15747213053130937
0.8345953891181919
0.2321636136399836
0.15239975277518103
0.7761484123626853
0.03168061233338726
0.6457558401689633
0.3025454931885557
0.02502111764897119
0.06635740954669678
0.6083341724458682
0.1528057327185931
0.04483084751971911
0.35643506366055744
0.8032486777181356
0.268092451662586
0.3122582544061695
0.10366692360789331
0.9588199892330258
0.05066019085353779
0.2859057348580122
0.3025402903538231
0.5209630321520708
0.13149509960197758
0.3877896208595367
0.062115939173814416
0.00702407019776341
0.4517061352762831
0.5742485485698091
0.557322864931987
0.4197372530086694
0.47532517284901765
1.7492393318496724E-4
0.17611504780261766
0.3502072055323082
0.22492193709588282
0.5304750970295709
0.6788962508416443
0.6488236680686306
0.08144015069634325
0.1026650528520352
0.43661911785999563
0.7930145122265989
0.5396611610998143
0.19450732723872677
0.06396479907238573
0.33074341707818267
0.3607012233396303
0.9005958885914774
0.014009514534429224
0.028658344507760725
0.8129487389115887
0.3717950144830151
0.9507839624667488
0.6037972992069163
0.9428476800533511
0.6214382853869704
0.9661323326562234
0.16775731114694192
0.06693340268394832
0.9521941940191825
0.9572766308673686
0.7622331483307834
0.9265272934065087
0.5075044552715842
0.7314930222999345
0.6148317796131224
0.1964962228654582
0.7015013736661421
0.6543059968832626
0.9940692071490402
0.28948321360840723
0.5313104501676766
0.9076071762021917
0.7924553827861557
0.6470156151189405
0.025644369216201945
0.6741043636793819
0.21657395462054896
0.9588968886967191
0.3335949874018673
0.8145076652594265
0.21306287840633287
0.002288391708658355
0.20752908466352604
0.853858498286456
0.5094020216409905
0.041887345843978685
0.8839945217857588
0.3434079656433192
0.39841432400756505
0.982607222434699
0.6165428109445351
0.9144509418352654
0.6453864557313069
0.7161667965295966
0.3643745121083415
0.5905216700833802
0.1467154108719908
0.3529942443442333
0.3907135589025088
0.17435779080540292
0.2189872080775076
0.28085227500475207
0.7748169490953081
0.7760383844823431
0.6473940240612367
0.241590931978363
0.09152582135716081
0.7987026885182018
0.8723958652735756
0.8674337794367425
0.7622642565939861
0.9482557639952099
0.9435331998876813
0.36820431011094057
0.8313923544972527
0.08346697471976816
0.119296663020381
0.3108984016427271
0.17181918600427815
0.9728679344411078
0.2419601604507592
0.6830092631102029
0.3737825373897935
0.2748560752105028
0.2662836551207306
0.6810110042064097
0.820701262749154
0.30740988926602386
0.5709917009097875
0.9154072314958615
0.7060066614053112
0.4238223475879508
0.9319342687385505
0.9737508265794731
0.9948592110899908
0.060858554960416256
0.28583578793228037
0.5330410945259734
0.5846566338469359
0.7757440031233671
0.663539014954205
0.4629046534671125
0.16823987137681895
0.8383896830160895
0.9216494959776261
0.6109663207699793
0.5537029244199407
0.19526020162954816
0.15148746637466048
0.21181598670412616
0.4447131403468998
0.8712912464251732
0.8942529461399965
0.11097830471152281
0.9352477470911597
0.12626262479373085
0.5413104943479129
0.24529057079884942
0.22265335915472628
0.9320330501485572
0.5484998808498399
0.07109609054672539
0.29293439538189625
0.5870431330947905
0.343378803034582
0.8816582050897085
0.5821767691538381
0.5344925183008825
0.05430412192531997
0.20520219260527595
0.8680130663704494
0.7005977372727337
0.4402575591709976
0.7249906860521985
0.8950354452123827
0.919336784711957
0.6503224707672411
0.4128388476704601
0.4880626295118732
0.2600867874929401
0.6917174975033856
0.8174761703289336
0.1571671626700395
0.32456101980937047
0.7352938793341102
0.6991602596138748
0.44836894377199865
0.829451432359216
0.6374020921112244
0.4519496381077982
0.5439018610379805
0.04118303107521315
0.30703469073165657
0.005041305731405821
0.8659591642821731
0.87918634032508
0.7971510394889276
0.14457962821155768
0.6878241307471605
0.7540940849228316
0.24909041880338856
0.44734248871363
0.0062924482966502104
0.4572686164480553
0.06898001613295346
0.2677113417564736
0.17929199861641976
0.668065957444205
0.9650434334228358
0.46933102249193515
0.08260694869392005
0.8952430709491598
0.7247166584802751
0.8428658536096032
0.789611959886334
0.9189143108854874
0.8604771698856666
0.4012581786202254
0.02792287895514467
0.04946359370843745
0.5032928173522748
0.9938956030081373
0.9168703238740396
0.7698182393885239
0.17259651222439276
0.9310930496544068
0.7397020445004681
0.5774909401703313
0.30169301984884034
0.5602962303960016
0.7544207465891593
0.09279609575705161
0.6475042833904359
0.9854123197477177
0.29716338589778635
0.7496466082839356
0.9635591759455616
0.3706745444108841
0.6820280471683817
0.635337606698163
0.5651342669866498
0.5204464969473241
0.6512550480340373
0.29572312685309166
0.6654516415527416
0.6763728350885261
0.3796681963699806
0.5721921945826474
0.6118402017567539
0.7232822570148875
0.28728247606011104
0.7868504498225227
0.40076640706821853
0.24524930231627817
0.1639846782939539
0.8423135131747895
0.10064117351477186
0.12322107013446226
0.360192813780863
0.05251864276452278
0.06130859768851771
0.6156149795155312
0.04740099435978118
0.7709603537938199
0.039123277854604566
0.11329417756294702
0.8025156268419711
0.13275692862142519
0.6165221737196218
0.01032656395715692
0.019889525608639103
0.47695361643320966
0.5449973673752241
0.381933642551607
0.9049598538560896
0.265468817032369
0.8903759575472311
0.4110357870093052
0.05339649255975221
0.5650897556197451
0.10931330810458084
0.7547997661113116
0.8696668439072676
0.40892357801468326
0.43590589040896466
0.2925949890414361
0.32892331809468456
0.6037103210327699
0.2073301863286804
0.9467647707639396
0.8361199647213724
0.7994039333400191
0.007413451913278801
0.5176187574235509